     0/499     9.41G   0.08003     0.021   0.02241    0.1234        30       640  0.001991    0.3333  0.002441 0.0002441    0.1199   0.02116   0.02316
     1/499     9.33G   0.07961   0.02107   0.02199    0.1227        32       640  0.001638   0.02778 0.0003724 5.421e-05    0.1162   0.02156   0.02275
     2/499     9.33G   0.07913   0.02144   0.02242     0.123        19       640 0.0006821   0.08333 0.0001898 1.898e-05    0.1157   0.02129   0.02286
     3/499     9.33G   0.07906    0.0208   0.02282    0.1227        31       640 0.0004819   0.08333 0.0001403 2.807e-05    0.1124   0.02151   0.02317
     4/499     9.33G   0.07295   0.01999   0.02176    0.1147        31       640  0.001502    0.1389 0.0003536 0.0001103    0.1092   0.02113   0.02283
     5/499     9.33G   0.07327   0.02092    0.0219    0.1161        43       640  0.003454    0.1111  0.002571 0.0005267    0.1053   0.02071   0.02332
     6/499     9.33G   0.07445   0.01848    0.0218    0.1147        44       640  0.002363    0.1111  0.001148 0.0001576    0.1007   0.02098   0.02443
     7/499     9.33G   0.07038   0.01974   0.02182    0.1119        31       640   0.00187    0.1667 0.0009999 0.0001249   0.09947   0.02055   0.02391
     8/499     9.33G   0.07246   0.01779   0.02164    0.1119        25       640  0.002767    0.1944  0.001986  0.000633    0.1016   0.01977   0.02323
     9/499     9.33G   0.07158   0.01713   0.02135    0.1101        22       640  0.002083    0.3333  0.001572 0.0004798   0.09881   0.01996   0.02316
    10/499     9.33G   0.06878    0.0181   0.02109     0.108        41       640  0.006974    0.1667  0.005513  0.001731   0.09191   0.02028   0.02312
    11/499     9.33G   0.06586   0.01616   0.02032    0.1023        19       640  0.007065    0.1667  0.004529  0.001212   0.08952   0.02009   0.02289
    12/499     9.33G   0.06139   0.01512   0.01966   0.09617        12       640  0.001475    0.1111 0.0006472 0.0001819   0.09387   0.01954   0.02253
    13/499     9.33G   0.06889   0.01569    0.0205    0.1051        33       640  0.006848   0.08333  0.004582  0.001234   0.09555   0.01896   0.02259
    14/499     9.33G    0.0692    0.0165   0.02012    0.1058        45       640  0.008414   0.08333  0.005361  0.001276   0.09333   0.01885   0.02237
    15/499     9.33G   0.06525    0.0151   0.02083    0.1012        27       640   0.00225    0.3611  0.001538 0.0002894    0.0925   0.01879   0.02299
    16/499     9.33G   0.06372   0.01598   0.01993   0.09963        28       640  0.009436    0.4167  0.007476  0.001057   0.08657   0.01892   0.02272
    17/499     9.33G   0.06935   0.01655    0.0196    0.1055        39       640   0.00511      0.25  0.005185  0.001003   0.08435   0.01877   0.02309
    18/499     9.33G   0.06353   0.01613   0.02012   0.09978        27       640  0.005975   0.08333  0.005626  0.001599   0.08149   0.01871   0.02231
    19/499     9.33G    0.0673   0.01532   0.02014    0.1028        33       640  0.007221    0.2778  0.007375  0.001761   0.08001   0.01851   0.02247
    20/499     9.33G   0.06101   0.01563   0.01812   0.09475        33       640   0.03647    0.3056   0.01543  0.004912   0.08357   0.01773   0.02336
    21/499     9.33G   0.06253   0.01562   0.01925    0.0974        18       640  0.003519    0.1667  0.003479 0.0005223   0.08608   0.01736   0.02342
    22/499     9.33G   0.06449   0.01454   0.01909   0.09812        27       640   0.00322    0.2778  0.002939 0.0006028   0.08605   0.01725   0.02343
    23/499     9.33G   0.06298   0.01624   0.01904   0.09826        37       640  0.002741    0.3056  0.001775 0.0004754    0.0804   0.01763   0.02338
    24/499     9.33G   0.06376   0.01495   0.02002   0.09872        51       640  0.002538    0.2778  0.001561 0.0002582   0.08184   0.01689   0.02273
    25/499     9.33G   0.06142   0.01285   0.01946   0.09373        19       640  0.004127    0.3333  0.003879 0.0006938   0.07721   0.01712   0.02305
    26/499     9.33G   0.06493   0.01378   0.01901   0.09772        25       640  0.005036    0.4167  0.005884 0.0008287   0.07686   0.01722   0.02358
    27/499     9.33G   0.06037   0.01356    0.0191   0.09303        15       640  0.003621    0.3889  0.003642  0.000668   0.07849   0.01679   0.02329
    28/499     9.33G   0.06396   0.01501   0.01592   0.09489        29       640  0.006406    0.1667  0.006132 0.0008918   0.07523    0.0168   0.02308
    29/499     9.33G   0.06351   0.01471   0.01925   0.09748        35       640  0.007103    0.1667  0.007349  0.001542   0.07695   0.01668   0.02307
    30/499     9.33G   0.06052   0.01376   0.01831   0.09259        32       640    0.6709   0.08333   0.00753 0.0008981   0.07888   0.01671   0.02319
    31/499     9.33G   0.06243   0.01314   0.01693    0.0925        24       640    0.3393    0.1667   0.01042  0.001197   0.07875   0.01679   0.02341
    32/499     9.33G   0.06224   0.01418   0.01667   0.09309        30       640    0.3392      0.25  0.007251  0.002266   0.07398   0.01676   0.02356
    33/499     9.33G   0.06236   0.01251   0.01816   0.09303        36       640  0.001427    0.3611  0.001399 0.0001748   0.07529   0.01592   0.02418
    34/499     9.33G   0.06372    0.0122   0.01833   0.09425        29       640    0.3364   0.08333  0.002948  0.000746   0.09081   0.01426   0.02251
    35/499     9.33G   0.05959    0.0112   0.01731    0.0881        23       640  0.005431    0.2778  0.002317 0.0008232   0.08153   0.01513   0.02378
    36/499     9.33G    0.0643   0.01336   0.01692   0.09457        37       640   0.00821    0.3333  0.003432 0.0004999   0.08718   0.01446    0.0231
    37/499     9.33G   0.06383   0.01382    0.0173   0.09494        41       640  0.005791    0.3056  0.004051 0.0008764    0.0846    0.0146    0.0233
    38/499     9.33G   0.05962   0.01282   0.01696    0.0894        19       640  0.004044    0.1111  0.001861 0.0005442   0.08448   0.01411   0.02332
    39/499     9.33G   0.06122   0.01129    0.0168   0.08931         7       640    0.6797   0.08333  0.006412  0.001365   0.08237   0.01418   0.02348
    40/499     9.33G   0.06001   0.01122   0.01797    0.0892        15       640    0.6705   0.08333  0.002042 0.0003313   0.08042   0.01455    0.0235
    41/499     9.33G   0.05953   0.01253   0.01904    0.0911        28       640    0.6688    0.1667  0.002077 0.0002497   0.07824   0.01473   0.02342
    42/499     9.33G   0.05843   0.01268   0.01804   0.08914        30       640    0.6694    0.1667  0.002434 0.0002802   0.07545   0.01495   0.02281
    43/499     9.33G   0.05906    0.0129   0.01864    0.0906        47       640    0.7014   0.08333    0.0181  0.007321   0.07486   0.01482   0.02283
    44/499     9.33G   0.05792   0.01184   0.01778   0.08754        23       640    0.7413    0.1667   0.04233   0.01871   0.07604   0.01468    0.0231
    45/499     9.33G   0.05747   0.01229   0.01717   0.08693        37       640    0.7008   0.08333   0.03263   0.00738   0.07658   0.01465   0.02296
    46/499     9.33G   0.05894   0.01217   0.01614   0.08725        13       640    0.6808   0.08333  0.009046 0.0009976   0.07889   0.01431   0.02303
    47/499     9.33G    0.0577   0.01207   0.01741   0.08718        23       640    0.6753   0.08333  0.006812  0.002411   0.08275   0.01372   0.02304
    48/499     9.33G    0.0627  0.009658   0.01826   0.09062        20       640    0.6817    0.1667   0.02104  0.003605   0.08372   0.01343   0.02305
    49/499     9.33G   0.05796   0.01196    0.0182   0.08812        33       640    0.7337   0.08333   0.03224  0.005525   0.08593   0.01297   0.02333
    50/499     9.33G   0.05971   0.01433   0.01605   0.09009        40       640    0.8063   0.08333   0.04881  0.005274   0.08695   0.01262   0.02371
    51/499     9.33G   0.06077   0.01091   0.01533   0.08701        26       640    0.7097   0.08333   0.04464   0.01025   0.08824   0.01212   0.02425
    52/499     9.33G   0.06377   0.01083   0.01651    0.0911        17       640    0.7071   0.08333   0.01816  0.001924   0.08878   0.01231   0.02501
    53/499     9.33G   0.05866   0.01174   0.01686   0.08726        25       640    0.6815    0.1667   0.01089  0.001661   0.09017   0.01247   0.02536
    54/499     9.33G   0.05887   0.01066    0.0188   0.08833        27       640    0.7459   0.08333   0.02232  0.006655   0.09188   0.01225   0.02587
    55/499     9.33G   0.05861   0.01215   0.01619   0.08695        30       640    0.6933   0.08333   0.01531  0.006344    0.0921   0.01296   0.02631
    56/499     9.33G   0.05997   0.01228   0.01685    0.0891        18       640    0.6753    0.1667  0.007937  0.002565   0.09259   0.01338   0.02606
    57/499     9.33G   0.05679  0.008661   0.01686   0.08231        11       640    0.6728   0.08333  0.005686  0.001001   0.09345   0.01337   0.02515
    58/499     9.33G   0.06016    0.0111   0.01747   0.08873        34       640  0.007077    0.3333   0.00706  0.001855   0.08812   0.01367   0.02513
    59/499     9.33G   0.05817   0.01047   0.01703   0.08567        21       640   0.01015    0.2778  0.007179  0.001787   0.09343   0.01295    0.0253
    60/499     9.33G   0.05843   0.01092   0.01681   0.08616        28       640    0.6739   0.08333  0.009189  0.001814    0.0986   0.01199   0.02505
    61/499     9.33G    0.0597   0.01267   0.01661   0.08898        39       640  0.006955    0.5278  0.007379  0.001137    0.1015   0.01129    0.0247
    62/499     9.33G   0.05642  0.008937   0.01676   0.08211        23       640  0.004306    0.2778  0.003787 0.0004457   0.09812    0.0115   0.02458
    63/499     9.33G   0.06201   0.01069   0.01514   0.08784        22       640  0.003821    0.2778  0.003823 0.0005557   0.09157   0.01237   0.02439
    64/499     9.33G   0.05833   0.01006   0.01691   0.08531        27       640  0.005509    0.4444  0.005783  0.001379   0.09367   0.01306    0.0242
    65/499     9.33G   0.05982   0.01015   0.01557   0.08555        18       640  0.006427    0.3889  0.008249  0.001708     0.094   0.01302   0.02418
    66/499     9.33G   0.05927   0.01043    0.0172    0.0869        39       640     0.677    0.1667  0.008572  0.003679   0.09296   0.01366   0.02374
    67/499     9.33G   0.05924  0.009261   0.01733   0.08582        24       640  0.006154    0.4722  0.009589  0.003623   0.09452   0.01304   0.02355
    68/499     9.33G   0.05314  0.009918    0.0158   0.07886        14       640     0.674   0.08333  0.006849  0.001811   0.09491   0.01278   0.02381
    69/499     9.33G    0.0572   0.01362    0.0167   0.08752        38       640    0.6729   0.08333  0.004769 0.0006233   0.09694   0.01252   0.02358
    70/499     9.33G   0.05928   0.01338   0.01653   0.08919        20       640  0.008871    0.8889   0.01183  0.001552   0.09629   0.01225   0.02353
    71/499     9.33G   0.06094   0.01002   0.01681   0.08776        13       640  0.006926    0.6667   0.01415   0.00206   0.09716   0.01219   0.02308
    72/499     9.33G   0.05916   0.01023   0.01575   0.08514        37       640    0.6776    0.1667   0.01774  0.003427   0.09252   0.01302   0.02318
    73/499     9.33G    0.0539   0.01223    0.0157   0.08183        16       640   0.01202    0.4167   0.01644  0.004192   0.08781   0.01304   0.02398
    74/499     9.33G   0.05816   0.01207   0.01591   0.08613        47       640   0.01238    0.4167   0.01672   0.00395   0.08442   0.01321   0.02474
    75/499     9.33G   0.05867   0.01252   0.01504   0.08623        39       640   0.01307    0.4444   0.02375  0.005978   0.08303   0.01346   0.02526
    76/499     9.33G   0.05673  0.009277   0.01526   0.08127        12       640   0.07443    0.4167   0.08336   0.02463   0.08296   0.01317   0.02614
    77/499     9.33G    0.0579   0.01117   0.01663    0.0857        28       640   0.03684    0.5556   0.07158   0.01963   0.08269   0.01274   0.02653
    78/499     9.33G   0.06305  0.009253   0.01451   0.08681        25       640    0.7338    0.1488   0.08113   0.02178    0.0822   0.01267   0.02655
    79/499     9.33G     0.058   0.01103   0.01432   0.08335        22       640    0.7275    0.1667   0.07502   0.02153   0.08112   0.01268   0.02668
    80/499     9.33G   0.05461   0.01049   0.01598   0.08109        31       640    0.7168   0.08333   0.04044   0.00847   0.07553   0.01328   0.02683
    81/499     9.33G   0.05635   0.01045   0.01668   0.08348        12       640    0.7759   0.08192   0.06147   0.01465   0.07105    0.0137   0.02709
    82/499     9.33G    0.0563   0.01013   0.01743   0.08386        21       640    0.7048   0.07636   0.02944  0.008966   0.07523   0.01306   0.02714
    83/499     9.33G   0.05662   0.01115   0.01345   0.08122        39       640    0.7164   0.08333   0.03958   0.01154   0.07408   0.01331   0.02698
    84/499     9.33G   0.05817  0.009344   0.01764   0.08515        38       640    0.9791   0.08333    0.1385   0.02407     0.069   0.01392   0.02609
    85/499     9.33G   0.05507   0.01187    0.0151   0.08205        20       640    0.3714       0.5   0.05748    0.0149   0.06895   0.01394   0.02602
    86/499     9.33G   0.05567   0.01039   0.01647   0.08252        32       640    0.7737   0.08029   0.05909   0.02191   0.06735   0.01419   0.02601
    87/499     9.33G   0.05618  0.008105   0.01889   0.08318        24       640    0.7459   0.07919   0.05409   0.01578   0.07114    0.0142   0.02589
    88/499     9.33G   0.05571   0.01011    0.0158   0.08161        24       640    0.7309   0.08333   0.07101   0.01171   0.07808   0.01382   0.02559
    89/499     9.33G   0.05898      0.01   0.01424   0.08323        23       640    0.7476   0.08333   0.06325   0.01632   0.07697   0.01398   0.02524
    90/499     9.33G   0.05647  0.009611   0.01607   0.08215        30       640     0.706    0.1667   0.04834   0.01427   0.07765   0.01395   0.02502
    91/499     9.33G   0.05191  0.009561    0.0146   0.07606        17       640    0.7368    0.1667   0.07379    0.0135   0.08079   0.01381   0.02475
    92/499     9.33G   0.05259  0.008846   0.01364   0.07508        30       640     0.691    0.1667   0.03783   0.01098   0.08661   0.01332   0.02486
    93/499     9.33G   0.05668  0.009617   0.01436   0.08065        32       640    0.6917    0.1667   0.03721  0.009501   0.08737   0.01332   0.02442
    94/499     9.33G   0.05329  0.009926   0.01333   0.07655        16       640     0.708   0.08333   0.04341  0.009873   0.08865   0.01322     0.024
    95/499     9.33G   0.05807     0.013   0.01382   0.08488        37       640    0.7221   0.08333   0.04234   0.01275   0.09105   0.01288   0.02363
    96/499     9.33G   0.05923   0.01124   0.01583   0.08629        40       640    0.6902    0.1667   0.03263   0.01046   0.09293   0.01253   0.02352
    97/499     9.33G   0.05499  0.009313   0.01398   0.07828        30       640    0.7488   0.08333   0.04129  0.009984   0.09109   0.01232   0.02322
    98/499     9.33G   0.05322   0.01083   0.01137   0.07541        30       640    0.7318   0.08333   0.04239  0.007077   0.09123    0.0121   0.02308
    99/499     9.33G   0.05722   0.01096   0.01422   0.08241        53       640    0.7469   0.08333   0.05077  0.009274   0.09127   0.01207   0.02321
   100/499     9.33G   0.05572  0.008891   0.01388   0.07849        15       640    0.7757   0.08333   0.06028   0.01678   0.09098   0.01213   0.02287
   101/499     9.33G    0.0592  0.009154   0.01526   0.08361        21       640    0.7732   0.08333   0.05332   0.01003   0.09145   0.01214   0.02242
   102/499     9.33G   0.05713   0.01059   0.01375   0.08147        26       640    0.6921   0.08333   0.01952  0.003234   0.09359   0.01176   0.02266
   103/499     9.33G   0.05592   0.01009   0.01262   0.07862        27       640    0.7004   0.08333   0.02479  0.004493   0.09251   0.01179   0.02249
   104/499     9.33G   0.05392    0.0107   0.01248    0.0771        26       640    0.3544    0.4167   0.01935  0.004389   0.09118   0.01182   0.02219
   105/499     9.33G   0.05582   0.01068   0.01394   0.08043        24       640    0.7077   0.08333   0.02321  0.007737   0.09161   0.01175   0.02221
   106/499     9.33G   0.05927  0.009368   0.01521   0.08385        25       640    0.7078   0.08333   0.02577  0.008449    0.0903   0.01207   0.02208
   107/499     9.33G   0.06047  0.008655    0.0146   0.08372        21       640    0.4159    0.3333   0.05359  0.006611   0.08622   0.01245   0.02211
   108/499     9.33G   0.05508   0.01142   0.01424   0.08074        19       640    0.3968    0.3333   0.03478  0.006586   0.08404   0.01267   0.02191
   109/499     9.33G   0.05909  0.009272   0.01282   0.08119        16       640    0.4151    0.3056   0.03968  0.007312   0.08213   0.01284   0.02202
   110/499     9.33G   0.06337  0.009148   0.01409   0.08661        47       640    0.4068      0.25   0.04224   0.01089   0.08157   0.01291   0.02175
   111/499     9.33G    0.0549   0.01145    0.0134   0.07975        27       640    0.4505      0.25   0.06494   0.01399   0.08199   0.01286   0.02164
   112/499     9.33G   0.06097  0.008933    0.0134   0.08331        17       640    0.4658      0.25   0.06028  0.006903   0.08236   0.01292    0.0216
   113/499     9.33G   0.06042    0.0101   0.01482   0.08534        43       640    0.4807      0.25   0.06716  0.009733   0.08205   0.01308    0.0216
   114/499     9.33G   0.05669  0.009948   0.01515   0.08178        35       640    0.3898    0.4444   0.03959   0.01296   0.08126   0.01335   0.02134
   115/499     9.33G   0.05643  0.009249    0.0151   0.08078        15       640    0.3992    0.4167   0.04897   0.01307   0.08168   0.01328   0.02148
   116/499     9.33G   0.05767   0.01016   0.01394   0.08176        34       640    0.3959    0.4444   0.04699    0.0108   0.08051    0.0136   0.02204
   117/499     9.33G   0.05708   0.01026   0.01256    0.0799        31       640    0.4223    0.3889   0.06175   0.01197   0.08059   0.01367   0.02197
   118/499     9.33G   0.05544  0.009284   0.01435   0.07907        14       640    0.3734    0.3611   0.03112  0.008082   0.08147   0.01379   0.02203
   119/499     9.33G    0.0574  0.009592    0.0132   0.08019        29       640     0.351    0.1667   0.02547  0.005905   0.08294   0.01384   0.02189
   120/499     9.33G   0.05682  0.009318     0.015   0.08114        29       640    0.3472    0.3333   0.02508  0.005854   0.08401   0.01365   0.02167
   121/499     9.33G   0.05914   0.01067   0.01325   0.08306        33       640    0.3524      0.25   0.02922  0.006681   0.08598   0.01343   0.02161
   122/499     9.33G   0.05807  0.009947   0.01279    0.0808        14       640    0.3567      0.25   0.03142  0.007565   0.08663   0.01327   0.02148
   123/499     9.33G   0.05787  0.009871   0.01623   0.08397        31       640     0.356    0.3333   0.02894  0.006756   0.08648   0.01316   0.02128
   124/499     9.33G   0.05779  0.008792   0.01383   0.08041        31       640    0.3574    0.3333   0.02933    0.0081    0.0863   0.01317   0.02115
   125/499     9.33G   0.05479  0.009388   0.01283   0.07701        21       640    0.3543    0.3333    0.0268  0.006686   0.08514   0.01329   0.02109
   126/499     9.33G   0.06042  0.009751   0.01178   0.08196        34       640    0.3521      0.25   0.02535  0.005298   0.08487   0.01322   0.02102
   127/499     9.33G   0.05778  0.009749   0.01339   0.08093        29       640     0.703   0.08333   0.03303  0.009474   0.08355   0.01335   0.02074
   128/499     9.33G   0.06228  0.009501   0.01383   0.08561        26       640    0.3482      0.25   0.02179  0.004439   0.08671   0.01272   0.02119
   129/499     9.33G   0.05179    0.0087   0.01128   0.07177        24       640   0.00908    0.3889   0.01377  0.003514   0.08528   0.01303   0.02212
   130/499     9.33G   0.05938  0.009353   0.01175   0.08048        52       640     0.378    0.3889   0.03384  0.006002   0.08579    0.0129   0.02326
   131/499     9.33G   0.05657  0.009333   0.01558   0.08148        34       640     0.378    0.3889   0.03384  0.006002   0.08579    0.0129   0.02326
   132/499     9.33G   0.05934   0.00967   0.01548   0.08449        28       640    0.7333   0.08326    0.0526   0.01319   0.08688   0.01267   0.02345
   133/499     9.33G   0.05982  0.009381   0.01412   0.08332        27       640    0.3967    0.4167   0.05432   0.01153   0.08696   0.01267   0.02363
   134/499     9.33G   0.05985   0.01033   0.01487   0.08505        35       640    0.3872    0.4167   0.05955   0.01858   0.08341   0.01307   0.02378
   135/499     9.33G   0.05488  0.008989   0.01261   0.07648        28       640    0.4469    0.3331   0.06945   0.01505   0.08404   0.01334   0.02344
   136/499     9.33G   0.05867  0.009295   0.01354   0.08151        22       640    0.8731    0.1667      0.18   0.07093   0.08144   0.01383   0.02302
   137/499     9.33G   0.05457   0.01228   0.01232   0.07918        27       640    0.8731    0.1667      0.18   0.07093   0.08144   0.01383   0.02302
   138/499     9.33G   0.05896   0.01013   0.01357   0.08266        16       640    0.9883    0.1667    0.2641    0.1312   0.08182    0.0137   0.02313
   139/499     9.33G   0.05392   0.01131   0.01234   0.07758        36       640    0.9921    0.1667    0.2528     0.105   0.08216   0.01367   0.02307
   140/499     9.33G   0.05599   0.01007   0.01422   0.08028        25       640    0.9908    0.1667    0.2598   0.07595   0.08286    0.0136   0.02232
   141/499     9.33G   0.05887    0.0104     0.013   0.08227        22       640    0.9809    0.1667    0.3234    0.1168   0.08452   0.01355   0.02307
   142/499     9.33G   0.05761   0.01121   0.01231   0.08113        28       640    0.9854    0.1667    0.3651    0.1536   0.08521   0.01338   0.02319
   143/499     9.33G   0.05038   0.01186   0.01273   0.07496        36       640    0.9854    0.1667    0.3651    0.1536   0.08521   0.01338   0.02319
   144/499     9.33G   0.05995   0.01027   0.01554   0.08576        34       640    0.9936    0.1667     0.328    0.0888   0.08677   0.01334   0.02345
   145/499     9.33G    0.0591     0.011   0.01101   0.08111        42       640    0.9872    0.1667    0.3261    0.1151   0.08748   0.01324    0.0234
   146/499     9.33G   0.05448   0.01063   0.01324   0.07834        24       640    0.9786    0.1667    0.3116    0.1386   0.08651   0.01347   0.02236
   147/499     9.33G    0.0567   0.00932   0.01455   0.08057        28       640    0.9655    0.1667    0.3159    0.1543   0.08468   0.01352    0.0222
   148/499     9.33G   0.05616     0.011   0.01224    0.0794        33       640    0.9018    0.2055    0.3315    0.1183   0.08617    0.0128   0.02125
   149/499     9.33G   0.06095   0.01015   0.01538   0.08648        23       640    0.9018    0.2055    0.3315    0.1183   0.08617    0.0128   0.02125
   150/499     9.33G    0.0605  0.008162   0.01331   0.08196        28       640    0.8415      0.25    0.2592   0.04835   0.08688   0.01245    0.0208
   151/499     9.33G   0.05633  0.009817   0.01202   0.07817        19       640    0.7957      0.25    0.1938   0.02801   0.08599   0.01255   0.02039
   152/499     9.33G   0.04993  0.008001    0.0106   0.06853        15       640     0.749      0.25    0.1626   0.04234   0.08704   0.01221   0.02004
   153/499     9.33G   0.05636  0.009833   0.01349   0.07968        26       640    0.9974   0.08333    0.1538   0.03466   0.08874   0.01206   0.01944
   154/499     9.33G   0.05257   0.01024   0.01528    0.0781        32       640    0.8323    0.1651    0.1681   0.02012   0.09143   0.01154   0.01905
   155/499     9.33G   0.05806  0.009447   0.01394   0.08144        15       640    0.8323    0.1651    0.1681   0.02012   0.09143   0.01154   0.01905
   156/499     9.33G   0.05453   0.00834   0.01218   0.07505        28       640    0.9925   0.08333    0.1444   0.01795   0.09229   0.01142   0.01895
   157/499     9.33G   0.05249  0.009576   0.01101   0.07307        20       640    0.9925   0.08333    0.1444   0.01795   0.09229   0.01142   0.01895
   158/499     9.33G   0.05698  0.009992   0.01112   0.07809        33       640         1     0.166    0.2379   0.03441   0.09023   0.01182    0.0191
   159/499     9.33G   0.05631  0.009868   0.01102    0.0772        47       640    0.9896   0.08333    0.1269   0.02435   0.08629   0.01287   0.01993
   160/499     9.33G   0.05531  0.009818   0.01109   0.07622        43       640    0.9896   0.08333    0.1269   0.02435   0.08629   0.01287   0.01993
   161/499     9.33G   0.05767  0.008054   0.01105   0.07677        20       640    0.7494    0.1667   0.09258   0.01482   0.08704   0.01286    0.0206
   162/499     9.33G   0.05539  0.009949   0.01271   0.07805        27       640    0.7575    0.1667    0.1401   0.02036   0.08727   0.01279   0.02051
   163/499     9.33G   0.05137  0.008522  0.009765   0.06966        33       640    0.9813   0.08333    0.1619   0.03867   0.08891   0.01215   0.02085
   164/499     9.33G   0.05553  0.009559  0.009532   0.07462        34       640    0.9813   0.08333    0.1619   0.03867   0.08891   0.01215   0.02085
   165/499     9.33G   0.05507   0.01058   0.01088   0.07653        29       640    0.7998    0.1664    0.2007    0.0591   0.09018    0.0118    0.0205
   166/499     9.33G   0.05598   0.01085   0.01113   0.07796        22       640    0.7876    0.3333    0.2109   0.03348   0.09047   0.01168   0.02046
   167/499     9.33G   0.05263   0.01016  0.009774   0.07257        42       640    0.7876    0.3333    0.2109   0.03348   0.09047   0.01168   0.02046
   168/499     9.33G    0.0538  0.008596   0.01185   0.07424        24       640    0.7864      0.25    0.1983   0.03851   0.09139   0.01148   0.02014
   169/499     9.33G   0.05478  0.009263   0.01201   0.07605        26       640    0.7957    0.1595    0.1781   0.02867    0.0926   0.01137   0.01994
   170/499     9.33G   0.05882  0.008762   0.01054   0.07813        29       640    0.8673    0.1667    0.2521   0.08976   0.09117   0.01128   0.02043
   171/499     9.33G   0.05669  0.009551   0.01109   0.07734        22       640    0.8673    0.1667    0.2521   0.08976   0.09117   0.01128   0.02043
   172/499     9.33G   0.05604  0.007875   0.01024   0.07415        27       640    0.5714    0.4444    0.2486   0.06653   0.09012   0.01138   0.02099
   173/499     9.33G   0.05252   0.01112   0.01073   0.07437        23       640    0.5032    0.3846     0.183   0.07456   0.09144   0.01123   0.02082
   174/499     9.33G    0.0556   0.01024   0.01102   0.07686        30       640    0.5032    0.3846     0.183   0.07456   0.09144   0.01123   0.02082
   175/499     9.33G   0.06005  0.007505   0.01044     0.078        18       640    0.5835    0.3978    0.2126   0.06366    0.0921   0.01111   0.02092
   176/499     9.33G   0.05696  0.008017  0.009254   0.07423        21       640    0.6335     0.427    0.2687   0.09364   0.09114   0.01121   0.02072
   177/499     9.33G   0.05815  0.008464   0.01065   0.07726        15       640    0.5077    0.3333    0.2219   0.07696   0.09101   0.01107   0.02093
   178/499     9.33G    0.0602  0.009572   0.01286   0.08263        30       640    0.5077    0.3333    0.2219   0.07696   0.09101   0.01107   0.02093
   179/499     9.33G   0.05641  0.007693   0.01019    0.0743        14       640    0.5523    0.3333    0.2473   0.07015   0.09133     0.011   0.02135
   180/499     9.33G     0.043  0.007988  0.008805   0.05979        19       640     0.589    0.3333    0.3573   0.09962    0.0917   0.01087   0.02027
   181/499     9.33G   0.04854  0.009176  0.009298   0.06701        28       640     0.589    0.3333    0.3573   0.09962    0.0917   0.01087   0.02027
   182/499     9.33G   0.05373  0.009839   0.01265   0.07622        29       640    0.5767    0.3333    0.3465   0.09681   0.09271   0.01063   0.01981
   183/499     9.33G   0.05742  0.008309   0.01195   0.07768        21       640    0.8867    0.3333    0.3462   0.07054   0.09307   0.01062   0.02009
   184/499     9.33G   0.04597   0.00917   0.01275   0.06789        28       640     0.888    0.3333    0.3583   0.08052   0.09241    0.0107   0.02165
   185/499     9.33G   0.04834  0.008917  0.009724   0.06698        22       640     0.888    0.3333    0.3583   0.08052   0.09241    0.0107   0.02165
   186/499     9.33G   0.05199  0.009394   0.01034   0.07172        29       640     0.888    0.3333    0.3583   0.08052   0.09241    0.0107   0.02165
   187/499     9.33G   0.04715  0.008309   0.01042   0.06588        19       640    0.8887    0.3333    0.3162    0.1091   0.09413   0.01061   0.02206
   188/499     9.33G   0.05583   0.01062   0.01158   0.07803        30       640    0.1284    0.7254    0.2143   0.07398   0.09485   0.01062   0.02121
   189/499     9.33G   0.05122  0.008885   0.01172   0.07183        18       640    0.1284    0.7254    0.2143   0.07398   0.09485   0.01062   0.02121
   190/499     9.33G   0.04955  0.008848  0.008596   0.06699        25       640    0.1061      0.75    0.2117   0.07217    0.0943    0.0106   0.02164
   191/499     9.33G   0.05286  0.009394   0.01191   0.07417        40       640    0.1061      0.75    0.2117   0.07217    0.0943    0.0106   0.02164
   192/499     9.33G    0.0519  0.008806   0.01077   0.07147        27       640    0.9878    0.1667    0.3527    0.0565    0.0951   0.01055   0.02162
   193/499     9.33G   0.05591  0.008207   0.01488     0.079        24       640    0.8293      0.25    0.2633   0.06195   0.09377   0.01101   0.02092
   194/499     9.33G   0.05015  0.009445  0.009781   0.06937        19       640    0.8293      0.25    0.2633   0.06195   0.09377   0.01101   0.02092
   195/499     9.33G   0.05241  0.007607  0.009584   0.06961        23       640    0.7874    0.3333    0.2324   0.05861   0.09329   0.01129   0.02068
   196/499     9.33G   0.05205  0.009519     0.011   0.07257        17       640    0.8326      0.25    0.2629   0.05291   0.09108    0.0111   0.02141
   197/499     9.33G   0.04902  0.008667   0.01064   0.06832        15       640    0.8326      0.25    0.2629   0.05291   0.09108    0.0111   0.02141
   198/499     9.33G    0.0568  0.008815  0.009206   0.07482        18       640    0.8887    0.3326    0.3474   0.08288   0.08863   0.01135    0.0213
   199/499     9.33G   0.05209  0.008214  0.009644   0.06995        25       640    0.8887    0.3326    0.3474   0.08288   0.08863   0.01135    0.0213
   200/499     9.33G    0.0446  0.007742  0.009741   0.06208        23       640    0.8134    0.3333    0.2514   0.05847   0.08899   0.01149   0.02107
   201/499     9.33G    0.0539  0.008283   0.01072    0.0729        28       640    0.8138    0.3333    0.2285   0.05962   0.08858   0.01182   0.02088
   202/499     9.33G   0.04938  0.008782   0.01012   0.06829        21       640    0.8138    0.3333    0.2285   0.05962   0.08858   0.01182   0.02088
   203/499     9.33G   0.04712  0.007192  0.009398   0.06371        19       640    0.8317    0.3333     0.203   0.06332   0.08879   0.01178   0.02124
   204/499     9.33G   0.05507  0.008189   0.01075     0.074        17       640    0.9164    0.2493    0.3172    0.1293   0.09095   0.01149   0.02131
   205/499     9.33G   0.05533  0.008518  0.009626   0.07347        34       640    0.9164    0.2493    0.3172    0.1293   0.09095   0.01149   0.02131
   206/499     9.33G   0.05317  0.007329   0.01023   0.07073        43       640    0.8564    0.3333    0.3195    0.1286   0.08933   0.01199   0.02043
   207/499     9.33G   0.05705  0.009919   0.01014   0.07711        34       640    0.8564    0.3333    0.3195    0.1286   0.08933   0.01199   0.02043
   208/499     9.33G   0.05509  0.008882   0.01096   0.07493        35       640    0.8873    0.3333    0.3365    0.1579   0.08839   0.01223   0.01993
   209/499     9.33G   0.05575   0.01034   0.01071    0.0768        40       640    0.9318    0.3333    0.4027    0.1185   0.08686   0.01235   0.02002
   210/499     9.33G   0.05599   0.01023   0.01108    0.0773        27       640    0.9318    0.3333    0.4027    0.1185   0.08686   0.01235   0.02002
   211/499     9.33G   0.05499  0.008055    0.0126   0.07565        24       640    0.9971      0.25    0.3664    0.1246   0.08647   0.01244   0.02045
   212/499     9.33G   0.05419  0.007284   0.01139   0.07287        24       640    0.9977      0.25    0.3458    0.1145     0.086   0.01237    0.0212
   213/499     9.33G   0.05547  0.006746  0.009299   0.07151        19       640    0.9977      0.25    0.3458    0.1145     0.086   0.01237    0.0212
   214/499     9.33G   0.05713  0.006733   0.01294   0.07681        20       640    0.2362    0.7778     0.298    0.0824   0.08413   0.01236   0.02098
   215/499     9.33G   0.05784   0.01041   0.01021   0.07846        39       640    0.2362    0.7778     0.298    0.0824   0.08413   0.01236   0.02098
   216/499     9.33G    0.0527   0.01029   0.01328   0.07627        37       640    0.2182    0.8056    0.4114     0.099   0.08424   0.01228   0.02076
   217/499     9.33G   0.05091  0.008548  0.009151   0.06861        14       640    0.1802      0.75    0.3012    0.1133   0.08402   0.01206   0.02084
   218/499     9.33G   0.05608  0.007717   0.01002   0.07382        32       640    0.1802      0.75    0.3012    0.1133   0.08402   0.01206   0.02084
   219/499     9.33G   0.05383  0.008192   0.01036   0.07239        14       640    0.6588    0.4136    0.3515     0.111    0.0847   0.01183   0.02094
   220/499     9.33G   0.04654  0.009397  0.007962    0.0639        24       640     0.708    0.4167    0.2789   0.08662   0.08615   0.01137   0.02068
   221/499     9.33G   0.05195  0.008308   0.00983   0.07009        22       640     0.708    0.4167    0.2789   0.08662   0.08615   0.01137   0.02068
   222/499     9.33G    0.0532  0.007815  0.008802   0.06982        24       640    0.7057    0.4444    0.3632    0.1342   0.08663   0.01115   0.02087
   223/499     9.33G   0.04608  0.008654  0.008058   0.06279        45       640    0.7057    0.4444    0.3632    0.1342   0.08663   0.01115   0.02087
   224/499     9.33G   0.05021   0.00833  0.007488   0.06603        19       640    0.9985    0.1667    0.3089   0.07906   0.08748   0.01099   0.02101
   225/499     9.33G   0.05053  0.008051  0.007204   0.06578        32       640    0.7419     0.343    0.2785   0.07205   0.08688   0.01092   0.02105
   226/499     9.33G   0.04708  0.007395  0.008859   0.06333        17       640    0.7419     0.343    0.2785   0.07205   0.08688   0.01092   0.02105
   227/499     9.33G   0.05022  0.008035  0.008975   0.06723        12       640    0.6487    0.3333    0.2326   0.06176   0.08676   0.01087   0.02147
   228/499     9.33G   0.05053  0.008123   0.01053   0.06918        10       640    0.8852    0.1667    0.2188    0.0524   0.08635   0.01095    0.0234
   229/499     9.33G    0.0495  0.008909  0.008021   0.06643        17       640    0.8852    0.1667    0.2188    0.0524   0.08635   0.01095    0.0234
   230/499     9.33G   0.04756  0.007014   0.00832    0.0629        20       640    0.8328   0.08333    0.1159   0.04727   0.08686   0.01093   0.02462
   231/499     9.33G    0.0478  0.007867  0.008891   0.06456        15       640    0.8328   0.08333    0.1159   0.04727   0.08686   0.01093   0.02462
   232/499     9.33G   0.05618   0.00759   0.01017   0.07395        27       640    0.7489    0.2459    0.1437   0.02083   0.08776   0.01092   0.02495
   233/499     9.33G   0.05312   0.00788  0.009325   0.07032        29       640     0.833    0.3322    0.2819   0.06808   0.08717   0.01094   0.02408
   234/499     9.33G    0.0457  0.006376  0.009563   0.06164        19       640     0.833    0.3322    0.2819   0.06808   0.08717   0.01094   0.02408
   235/499     9.33G   0.04916  0.008074  0.007934   0.06516        36       640    0.8878    0.1667    0.2842   0.06407   0.08623   0.01117   0.02326
   236/499     9.33G   0.05239  0.007562   0.01158   0.07153        34       640    0.1403    0.7778     0.216    0.1042   0.09001   0.01115   0.02162
   237/499     9.33G   0.04442  0.007964  0.007007   0.05939        24       640    0.1403    0.7778     0.216    0.1042   0.09001   0.01115   0.02162
   238/499     9.33G   0.05003   0.00893   0.00899   0.06795        35       640    0.5623    0.3333    0.2363     0.111   0.09119   0.01101   0.02083
   239/499     9.33G   0.05173  0.008438  0.009086   0.06925        23       640    0.5623    0.3333    0.2363     0.111   0.09119   0.01101   0.02083
   240/499     9.33G   0.05328   0.01008  0.009187   0.07255        42       640    0.6162      0.25    0.2442    0.1178    0.0912   0.01081   0.02079
   241/499     9.33G   0.04375  0.007869  0.007926   0.05954        22       640    0.7573    0.4167    0.4014    0.1888    0.0898   0.01066   0.02093
   242/499     9.33G   0.05718   0.00847   0.01115    0.0768        30       640    0.7573    0.4167    0.4014    0.1888    0.0898   0.01066   0.02093
   243/499     9.33G   0.04971  0.008543  0.008809   0.06706        26       640    0.7968    0.4167    0.4102    0.1603   0.08888    0.0108   0.02058
   244/499     9.33G   0.05506  0.007213   0.01096   0.07323        30       640    0.6369    0.4152    0.3528     0.138   0.09055   0.01066   0.02018
   245/499     9.33G   0.05663  0.007219  0.009906   0.07375        25       640    0.6369    0.4152    0.3528     0.138   0.09055   0.01066   0.02018
   246/499     9.33G   0.05661  0.006632   0.01228   0.07553        24       640    0.6911    0.4444    0.3578     0.143   0.08947   0.01069   0.01989
   247/499     9.33G    0.0499  0.007575  0.007761   0.06524        26       640    0.6911    0.4444    0.3578     0.143   0.08947   0.01069   0.01989
   248/499     9.33G   0.05059  0.007791  0.009559   0.06794        29       640    0.7245    0.4409    0.3952     0.142   0.08923   0.01057   0.01985
   249/499     9.33G   0.05415  0.008081   0.01226   0.07449        28       640    0.8855    0.3372    0.4244    0.1373   0.08771   0.01081   0.01957
   250/499     9.33G   0.05493  0.007449   0.01008   0.07246        33       640    0.8855    0.3372    0.4244    0.1373   0.08771   0.01081   0.01957
   251/499     9.33G   0.04776  0.008444  0.008307   0.06451        30       640    0.8827     0.358    0.4307    0.1117   0.08605   0.01097   0.01921
   252/499     9.33G   0.04577  0.007878    0.0105   0.06415        14       640    0.7887    0.4328     0.436    0.1428   0.08419   0.01104   0.01912
   253/499     9.33G   0.05312  0.006866   0.01195   0.07193        21       640    0.7887    0.4328     0.436    0.1428   0.08419   0.01104   0.01912
   254/499     9.33G   0.05446  0.007226  0.009788   0.07147        18       640    0.7983    0.3608    0.4054    0.1599   0.08306   0.01101     0.019
   255/499     9.33G   0.05542  0.007392   0.01009   0.07291        28       640    0.7983    0.3608    0.4054    0.1599   0.08306   0.01101     0.019
   256/499     9.33G   0.05136  0.006903    0.0104   0.06867        23       640    0.7488    0.3611    0.3659    0.1613   0.08218   0.01107   0.01887
   257/499     9.33G   0.05032  0.007664  0.009978   0.06796        26       640    0.8163    0.4444    0.4497    0.1222   0.08159   0.01148   0.01875
   258/499     9.33G   0.04872  0.007737  0.008172   0.06463        25       640    0.8163    0.4444    0.4497    0.1222   0.08159   0.01148   0.01875
   259/499     9.33G   0.05267  0.007771   0.01032   0.07076        36       640     0.703    0.4441    0.4366    0.1399   0.07942   0.01169    0.0188
   260/499     9.33G   0.04835  0.009569  0.008287    0.0662        25       640     0.251    0.3889    0.2911   0.09858   0.07894   0.01154   0.01942
   261/499     9.33G   0.05821  0.007379  0.008854   0.07444        32       640     0.251    0.3889    0.2911   0.09858   0.07894   0.01154   0.01942
   262/499     9.33G   0.04858  0.007134  0.008679    0.0644        26       640    0.2903    0.4722    0.3365    0.1473   0.07812    0.0116   0.02049
   263/499     9.33G   0.04825   0.00753  0.008745   0.06452        47       640    0.2903    0.4722    0.3365    0.1473   0.07812    0.0116   0.02049
   264/499     9.33G   0.04588  0.006895  0.007757   0.06053        23       640    0.2774    0.4722    0.3249    0.1271   0.07919   0.01136   0.02123
   265/499     9.33G   0.05268  0.008095  0.007731    0.0685        42       640    0.2342    0.4717    0.3278    0.1264   0.07927   0.01112   0.02372
   266/499     9.33G   0.05057  0.005721  0.008113    0.0644        34       640    0.2342    0.4717    0.3278    0.1264   0.07927   0.01112   0.02372
   267/499     9.33G   0.04794  0.007528  0.007848   0.06332        27       640         1    0.2499    0.3986    0.1496   0.07937    0.0109    0.0254
   268/499     9.33G   0.04145  0.008866  0.006678   0.05699        53       640    0.1711      0.75    0.2477   0.08081   0.07985   0.01088   0.02756
   269/499     9.33G   0.05238  0.006492  0.008194   0.06706        20       640    0.1711      0.75    0.2477   0.08081   0.07985   0.01088   0.02756
   270/499     9.33G   0.06041  0.007262   0.01011   0.07777        28       640    0.2237    0.7383    0.3355   0.09474   0.07996   0.01082   0.02627
   271/499     9.33G   0.04805  0.008002   0.01086   0.06691        15       640    0.2237    0.7383    0.3355   0.09474   0.07996   0.01082   0.02627
   272/499     9.33G   0.05541  0.006702   0.00866   0.07077        27       640    0.3001    0.7866    0.3432    0.1078   0.07971   0.01088   0.02472
   273/499     9.33G   0.06216  0.007408   0.00941   0.07898        35       640     0.287    0.7222    0.2895     0.129   0.08019   0.01108   0.02232
   274/499     9.33G    0.0484  0.007774   0.01174   0.06792        29       640     0.287    0.7222    0.2895     0.129   0.08019   0.01108   0.02232
   275/499     9.33G   0.05578  0.006913  0.007857   0.07055        19       640    0.3071     0.723    0.3373    0.1599   0.08008   0.01106   0.02156
   276/499     9.33G   0.05388  0.007795  0.008058   0.06973        50       640    0.2837    0.8056    0.5526     0.211      0.08   0.01084   0.02127
   277/499     9.33G   0.05606  0.007913  0.009182   0.07315        37       640    0.2837    0.8056    0.5526     0.211      0.08   0.01084   0.02127
   278/499     9.33G    0.0382  0.005782  0.007379   0.05137        25       640    0.3071    0.8056    0.5395    0.2071   0.07934   0.01083    0.0207
   279/499     9.33G   0.05146   0.00848  0.008999   0.06893        35       640    0.3071    0.8056    0.5395    0.2071   0.07934   0.01083    0.0207
   280/499     9.33G   0.03677  0.007777  0.007089   0.05164        21       640    0.2783    0.7778    0.4967    0.2349   0.07945   0.01074   0.02025
   281/499     9.33G   0.05443  0.006935  0.009297   0.07066        37       640    0.3175      0.75    0.4601    0.1836   0.08069   0.01068   0.01994
   282/499     9.33G   0.05407  0.006947  0.008839   0.06986        18       640    0.3175      0.75    0.4601    0.1836   0.08069   0.01068   0.01994
   283/499     9.33G    0.0571  0.008479  0.009567   0.07515        21       640    0.2942    0.7086    0.4672     0.196   0.08137   0.01067   0.01991
   284/499     9.33G   0.04727  0.006966  0.008113   0.06234        30       640    0.7394    0.3611      0.44    0.1503   0.08492   0.01041   0.01982
   285/499     9.33G   0.05378  0.005619   0.00927   0.06867        18       640    0.7394    0.3611      0.44    0.1503   0.08492   0.01041   0.01982
   286/499     9.33G   0.05241  0.006548  0.008962   0.06792        33       640    0.2311    0.6944     0.415    0.1459   0.08635   0.01049   0.01961
   287/499     9.33G   0.05098  0.006855  0.009492   0.06733        12       640    0.2311    0.6944     0.415    0.1459   0.08635   0.01049   0.01961
   288/499     9.33G   0.04707  0.006852  0.009333   0.06326        41       640    0.2118    0.6944    0.3706    0.1339   0.08828   0.01055    0.0194
   289/499     9.33G   0.05651  0.008786  0.008732   0.07403        35       640     0.272    0.8056    0.3728    0.1688   0.08799   0.01073    0.0194
   290/499     9.33G   0.05362  0.007962  0.009801   0.07138        28       640     0.272    0.8056    0.3728    0.1688   0.08799   0.01073    0.0194
   291/499     9.33G   0.05417  0.006966   0.01119   0.07232        13       640    0.2686    0.7778    0.3368    0.1552   0.08805   0.01091   0.01942
   292/499     9.33G   0.05405  0.007472  0.009325   0.07084        26       640    0.2406    0.7222     0.405    0.2108   0.08624   0.01081   0.01936
   293/499     9.33G   0.05329  0.007515   0.00951   0.07031        27       640    0.2406    0.7222     0.405    0.2108   0.08624   0.01081   0.01936
   294/499     9.33G   0.04242  0.006016  0.007703   0.05614        22       640    0.2474    0.7181    0.4198    0.2344   0.08489   0.01096   0.01953
   295/499     9.33G   0.04656  0.008637  0.008219   0.06341        31       640    0.2474    0.7181    0.4198    0.2344   0.08489   0.01096   0.01953
   296/499     9.33G   0.03716  0.006402  0.007241    0.0508        10       640    0.8114    0.2768    0.4124    0.2496    0.0847   0.01095   0.01962
   297/499     9.33G   0.04329  0.007373   0.01078   0.06144        28       640    0.7733    0.2778    0.3737    0.2265    0.0831   0.01086   0.01983
   298/499     9.33G   0.04415  0.007008  0.007437    0.0586        18       640    0.7733    0.2778    0.3737    0.2265    0.0831   0.01086   0.01983
   299/499     9.33G   0.04779  0.007496  0.008367   0.06365        31       640    0.8344    0.3611    0.3917    0.2053   0.08234   0.01094   0.02023
   300/499     9.33G   0.04904  0.007118  0.009533   0.06569        18       640    0.7738    0.3611    0.3681    0.2079    0.0825   0.01096    0.0207
   301/499     9.33G   0.03879  0.006214  0.007879   0.05289        39       640    0.7738    0.3611    0.3681    0.2079    0.0825   0.01096    0.0207
   302/499     9.33G   0.05036  0.007419   0.01009   0.06787        25       640    0.3231     0.443     0.374    0.2341    0.0833   0.01101   0.02072
   303/499     9.33G   0.05377  0.006534  0.009588   0.06989        37       640    0.3231     0.443     0.374    0.2341    0.0833   0.01101   0.02072
   304/499     9.33G   0.04179  0.006707   0.01011   0.05861        33       640    0.3236    0.4722    0.3859    0.2264   0.08412   0.01108   0.02077
   305/499     9.33G   0.04797  0.007009  0.007289   0.06226        28       640    0.4002     0.382    0.4151    0.2297   0.08318   0.01113   0.02022
   306/499     9.33G   0.03899  0.007167  0.007781   0.05394        19       640    0.4002     0.382    0.4151    0.2297   0.08318   0.01113   0.02022
   307/499     9.33G   0.04473  0.006984  0.008454   0.06017        18       640    0.4966    0.4722    0.4916    0.2692   0.08257   0.01122   0.01989
   308/499     9.33G   0.04223  0.006519  0.009462   0.05822        37       640    0.4911    0.4722    0.4794    0.2456   0.08317   0.01129   0.01957
   309/499     9.33G   0.04142  0.007031   0.00662   0.05507        34       640    0.4911    0.4722    0.4794    0.2456   0.08317   0.01129   0.01957
   310/499     9.33G   0.04663  0.007419  0.008266   0.06231        25       640    0.3438    0.3885    0.3795    0.1967   0.08371   0.01145   0.01915
   311/499     9.33G   0.04159  0.007924  0.009555   0.05907        31       640    0.3438    0.3885    0.3795    0.1967   0.08371   0.01145   0.01915
   312/499     9.33G   0.03975  0.007738  0.005819   0.05331        36       640    0.3235    0.3447    0.3559    0.1563   0.08395   0.01167   0.01918
   313/499     9.33G   0.04709  0.008335   0.00838    0.0638        24       640     0.419    0.3055    0.2974    0.1404   0.08313   0.01187   0.01909
   314/499     9.33G   0.04679  0.007652   0.01107   0.06551        33       640     0.419    0.3055    0.2974    0.1404   0.08313   0.01187   0.01909
   315/499     9.33G    0.0521  0.007151   0.01059   0.06984        36       640    0.4281    0.3056    0.3125    0.1366   0.08316   0.01201   0.01937
   316/499     9.33G   0.03314  0.005487  0.005676    0.0443        20       640    0.4815    0.3887    0.3665    0.1278   0.08383   0.01195   0.01937
   317/499     9.33G   0.04076  0.007254  0.007026   0.05504        40       640    0.4815    0.3887    0.3665    0.1278   0.08383   0.01195   0.01937
   318/499     9.33G   0.04451  0.009306  0.008707   0.06252        25       640    0.4805    0.3889    0.3783    0.1372   0.08438    0.0118   0.01935
   319/499     9.33G   0.04673  0.007377  0.007662   0.06177        27       640    0.4805    0.3889    0.3783    0.1372   0.08438    0.0118   0.01935
   320/499     9.33G   0.04544  0.006939  0.007758   0.06014        51       640    0.2864    0.8371     0.459    0.1612   0.08512   0.01163   0.01935
   321/499     9.33G   0.04015  0.009451  0.005252   0.05486        37       640     0.419    0.4722    0.4822    0.2227   0.08417   0.01157   0.01974
   322/499     9.33G   0.04493  0.007159  0.005982   0.05807        37       640     0.419    0.4722    0.4822    0.2227   0.08417   0.01157   0.01974
   323/499     9.33G   0.04724  0.007047  0.007878   0.06216        22       640    0.5041    0.4722    0.5283    0.2308   0.08465   0.01131   0.02028
   324/499     9.33G   0.05066   0.00698   0.01006    0.0677        24       640    0.4408    0.4722    0.5329    0.2214   0.08458     0.011   0.02048
   325/499     9.33G   0.04579  0.006566  0.006525   0.05888        26       640    0.4408    0.4722    0.5329    0.2214   0.08458     0.011   0.02048
   326/499     9.33G   0.04186  0.007259  0.008645   0.05776        14       640    0.4705    0.4722    0.5375    0.2303   0.08521   0.01069   0.02082
   327/499     9.33G    0.0446   0.00617   0.00986   0.06063        24       640    0.4705    0.4722    0.5375    0.2303   0.08521   0.01069   0.02082
   328/499     9.33G   0.02907  0.006288   0.00489   0.04025        28       640    0.5483    0.4444    0.5108    0.2133   0.08554   0.01048   0.02087
   329/499     9.33G   0.03844  0.007433  0.009417   0.05529        19       640    0.5228    0.4718    0.5793    0.2627   0.08362   0.01056   0.02106
   330/499     9.33G   0.04178  0.007724  0.007993   0.05749        36       640    0.5228    0.4718    0.5793    0.2627   0.08362   0.01056   0.02106
   331/499     9.33G   0.03962  0.007227  0.005681   0.05253        33       640    0.5404    0.4718    0.5578    0.2592   0.08247   0.01065   0.02101
   332/499     9.33G   0.03785  0.005336  0.006549   0.04974        22       640    0.5602    0.4722    0.5504    0.2467   0.08395   0.01022   0.02008
   333/499     9.33G   0.04603  0.008291  0.009689   0.06401        37       640    0.5602    0.4722    0.5504    0.2467   0.08395   0.01022   0.02008
   334/499     9.33G   0.04697   0.00793   0.00656   0.06146        50       640    0.9511    0.3889     0.524    0.2602   0.08356   0.01026   0.01968
   335/499     9.33G   0.04185  0.008051  0.004891   0.05479        24       640    0.9511    0.3889     0.524    0.2602   0.08356   0.01026   0.01968
   336/499     9.33G   0.04799  0.009525   0.01087   0.06838        41       640    0.9434    0.3889    0.5204    0.2183   0.08394   0.01019   0.01927
   337/499     9.33G   0.04234  0.006187  0.005339   0.05387        18       640    0.9265    0.3611    0.4851     0.224   0.08369   0.01027   0.01892
   338/499     9.33G   0.04368  0.008739   0.00755   0.05997        21       640    0.9265    0.3611    0.4851     0.224   0.08369   0.01027   0.01892
   339/499     9.33G   0.04706  0.007071  0.007215   0.06134        18       640    0.9164    0.3608    0.4828    0.1784   0.08384   0.01032   0.01887
   340/499     9.33G   0.03982  0.007614  0.005897   0.05333        39       640    0.8657    0.3611    0.4761    0.1654   0.08433   0.01012   0.01937
   341/499     9.33G   0.04373  0.007278   0.01015   0.06115        33       640    0.8657    0.3611    0.4761    0.1654   0.08433   0.01012   0.01937
   342/499     9.33G    0.0403  0.006221  0.007954   0.05448        30       640    0.8913    0.3611    0.4887    0.1477   0.08373   0.01028   0.01931
   343/499     9.33G   0.04179  0.006982  0.007531   0.05631        27       640    0.8913    0.3611    0.4887    0.1477   0.08373   0.01028   0.01931
   344/499     9.33G    0.0458  0.007472  0.007046   0.06032        31       640    0.8877    0.3611    0.4864    0.1372    0.0835   0.01026   0.01958
   345/499     9.33G   0.04395  0.007795  0.006765   0.05851        23       640    0.5116    0.4787    0.5385    0.1663   0.08276   0.01029      0.02
   346/499     9.33G   0.04481  0.006385  0.006723   0.05792        34       640    0.5116    0.4787    0.5385    0.1663   0.08276   0.01029      0.02
   347/499     9.33G    0.0452  0.007955  0.007053   0.06021        49       640    0.5601    0.4526    0.5377    0.1777   0.08156    0.0104   0.02065
   348/499     9.33G    0.0405  0.007203  0.005877   0.05358        22       640    0.9075     0.472     0.546    0.2128   0.08028   0.01043   0.02085
   349/499     9.33G   0.03956   0.00609  0.007041   0.05269        22       640    0.9075     0.472     0.546    0.2128   0.08028   0.01043   0.02085
   350/499     9.33G    0.0455  0.008298  0.005901    0.0597        38       640    0.9295    0.4722    0.5142    0.2346   0.07929   0.01044    0.0213
   351/499     9.33G   0.03543  0.006025  0.005445    0.0469        18       640    0.9295    0.4722    0.5142    0.2346   0.07929   0.01044    0.0213
   352/499     9.33G   0.04534  0.006462  0.005355   0.05716        25       640     0.918    0.4722    0.5577    0.2595   0.07905   0.01044   0.02138
   353/499     9.33G   0.04622   0.00801  0.006265   0.06049        27       640    0.4231    0.8424    0.4962    0.2299   0.07953   0.01047   0.02055
   354/499     9.33G   0.03949   0.00671   0.00647   0.05266        23       640    0.4231    0.8424    0.4962    0.2299   0.07953   0.01047   0.02055
   355/499     9.33G   0.03788   0.00626  0.004954   0.04909        21       640    0.4341      0.75    0.4212     0.217    0.0798   0.01039   0.02026
   356/499     9.33G    0.0407  0.007621  0.004734   0.05306        43       640    0.4671    0.7767    0.5095    0.2109   0.08035    0.0102   0.02022
   357/499     9.33G    0.0377  0.008108  0.006047   0.05186        42       640    0.4671    0.7767    0.5095    0.2109   0.08035    0.0102   0.02022
   358/499     9.33G   0.04574  0.008087  0.007258   0.06109        40       640     0.528    0.7679     0.628    0.2502   0.08068   0.01011   0.01992
   359/499     9.33G   0.04259  0.006686  0.005238   0.05452        16       640     0.528    0.7679     0.628    0.2502   0.08068   0.01011   0.01992
   360/499     9.33G   0.04151  0.006256  0.006589   0.05436        28       640    0.4965    0.8558    0.6198     0.265   0.08132   0.01003   0.01996
   361/499     9.33G    0.0423  0.006691  0.009209    0.0582        35       640    0.4525    0.8232    0.5894    0.2575   0.08189  0.009961   0.01935
   362/499     9.33G   0.04027  0.007191   0.00678   0.05424        24       640    0.4525    0.8232    0.5894    0.2575   0.08189  0.009961   0.01935
   363/499     9.33G    0.0433  0.007842  0.007648   0.05879        27       640    0.4697    0.8333    0.5874    0.2522   0.08248   0.00994   0.01919
   364/499     9.33G   0.04057  0.006909  0.004794   0.05227        18       640    0.4429    0.8056    0.5871    0.2705   0.08296   0.00979   0.01891
   365/499     9.33G   0.04108  0.007156  0.005662   0.05389        38       640    0.4429    0.8056    0.5871    0.2705   0.08296   0.00979   0.01891
   366/499     9.33G    0.0388  0.006651  0.004729   0.05018        29       640    0.4372    0.8056    0.5934     0.277     0.084  0.009719   0.01884
   367/499     9.33G   0.03558  0.005894  0.007525     0.049        15       640    0.4372    0.8056    0.5934     0.277     0.084  0.009719   0.01884
   368/499     9.33G   0.04149  0.006749  0.006265    0.0545        21       640    0.4371    0.8056    0.5806    0.2793   0.08473  0.009661   0.01892
   369/499     9.33G   0.03158  0.006049  0.005345   0.04297        23       640     0.439    0.8056    0.5794    0.2908   0.08536  0.009557   0.01892
   370/499     9.33G   0.04174  0.008308  0.007165   0.05722        36       640     0.439    0.8056    0.5794    0.2908   0.08536  0.009557   0.01892
   371/499     9.33G   0.03941  0.007246  0.005668   0.05232        24       640    0.4443    0.8056    0.5824    0.2889   0.08468  0.009555   0.01881
   372/499     9.33G   0.04089  0.007024  0.006097   0.05401        48       640         1    0.4504    0.6021    0.2717   0.08403  0.009618   0.01848
   373/499     9.33G   0.03476  0.006019  0.003565   0.04434        28       640         1    0.4504    0.6021    0.2717   0.08403  0.009618   0.01848
   374/499     9.33G   0.03885   0.00675  0.004895   0.05049        26       640    0.9992    0.4547    0.6228    0.2702   0.08337  0.009701   0.01862
   375/499     9.33G   0.03609  0.006792  0.004996   0.04788        43       640    0.9992    0.4547    0.6228    0.2702   0.08337  0.009701   0.01862
   376/499     9.33G    0.0399  0.006598  0.005797    0.0523        27       640         1    0.4595    0.6269    0.2676   0.08311  0.009724    0.0187
   377/499     9.33G    0.0412  0.005699  0.008238   0.05514        20       640         1     0.464    0.6105    0.2475   0.08292  0.009728    0.0185
   378/499     9.33G   0.04432  0.006682  0.004867   0.05587        23       640         1     0.464    0.6105    0.2475   0.08292  0.009728    0.0185
   379/499     9.33G   0.03786  0.006988  0.004628   0.04948        23       640         1    0.4684    0.6096    0.2367   0.08288  0.009708   0.01844
   380/499     9.33G   0.03991  0.007785  0.005904    0.0536        29       640    0.9995    0.4722    0.6068    0.2519   0.08236  0.009649   0.01837
   381/499     9.33G   0.04033  0.007769  0.006091   0.05419        30       640    0.9995    0.4722    0.6068    0.2519   0.08236  0.009649   0.01837
   382/499     9.33G   0.03775  0.005447  0.005783   0.04898        24       640    0.9956    0.4722    0.6069    0.2522   0.08197  0.009674   0.01837
   383/499     9.33G   0.03456  0.006136  0.004079   0.04478        16       640    0.9956    0.4722    0.6069    0.2522   0.08197  0.009674   0.01837
   384/499     9.33G   0.03388  0.007142  0.003672    0.0447        29       640    0.9913    0.3889    0.5374    0.2286   0.08203  0.009693   0.01805
   385/499     9.33G   0.03926  0.007695  0.005276   0.05223        33       640    0.4496     0.828    0.5324    0.2432   0.08184  0.009794   0.01792
   386/499     9.33G   0.03932  0.006747  0.006112   0.05218        39       640    0.4496     0.828    0.5324    0.2432   0.08184  0.009794   0.01792
   387/499     9.33G   0.03842  0.007321  0.005374   0.05111        33       640    0.9938    0.3889    0.5393      0.24   0.08172  0.009876   0.01803
   388/499     9.33G   0.03903  0.007597  0.005489   0.05212        29       640    0.9918    0.4719    0.5881    0.2469   0.08116  0.009844   0.01814
   389/499     9.33G    0.0311  0.005634  0.004516   0.04125        22       640    0.9918    0.4719    0.5881    0.2469   0.08116  0.009844   0.01814
   390/499     9.33G   0.03621  0.007458  0.006316   0.04999        32       640    0.9927    0.3873    0.4981    0.2331   0.08135  0.009843   0.01792
   391/499     9.33G    0.0305  0.006564  0.004331   0.04139        29       640    0.9927    0.3873    0.4981    0.2331   0.08135  0.009843   0.01792
   392/499     9.33G   0.04321  0.007645  0.006724   0.05758        28       640    0.9905     0.384    0.5096    0.2539   0.08132  0.009841   0.01785
   393/499     9.33G   0.03601  0.006281  0.005755   0.04804        22       640    0.9866    0.4722    0.5709    0.2341   0.08178  0.009825   0.01775
   394/499     9.33G   0.03468  0.007287  0.004921   0.04689        33       640    0.9866    0.4722    0.5709    0.2341   0.08178  0.009825   0.01775
   395/499     9.33G   0.03396  0.006524  0.004631   0.04512        17       640    0.9867     0.471    0.5696    0.2372   0.08208   0.00978   0.01768
   396/499     9.33G   0.03645  0.005526  0.005394   0.04737        29       640    0.9848    0.4722    0.5886    0.2161   0.08144  0.009832   0.01757
   397/499     9.33G   0.03413  0.005476    0.0061   0.04571        27       640    0.9848    0.4722    0.5886    0.2161   0.08144  0.009832   0.01757
   398/499     9.33G   0.03783  0.007472  0.005684   0.05099        20       640    0.9005    0.3889    0.4572    0.1893   0.08182  0.009898   0.01742
   399/499     9.33G   0.03754   0.00707  0.003763   0.04837        17       640    0.9005    0.3889    0.4572    0.1893   0.08182  0.009898   0.01742
   400/499     9.33G   0.03767  0.006496   0.00611   0.05027        24       640    0.4059    0.7171    0.4312    0.2101   0.08185  0.009972   0.01735
   401/499     9.33G   0.04441  0.007772  0.004813   0.05699        39       640    0.4346    0.7987     0.568    0.2121   0.08153   0.01008   0.01735
   402/499     9.33G    0.0428  0.006226  0.006754   0.05578        28       640    0.4346    0.7987     0.568    0.2121   0.08153   0.01008   0.01735
   403/499     9.33G   0.04269  0.006646  0.004836   0.05417        20       640    0.4417    0.7608    0.4494    0.2045   0.08158   0.01013   0.01737
   404/499     9.33G   0.03692   0.00636  0.007062   0.05034        26       640    0.4609     0.861    0.5105    0.2064   0.08236   0.01016   0.01737
   405/499     9.33G   0.03596  0.005641  0.004238   0.04584        32       640    0.4609     0.861    0.5105    0.2064   0.08236   0.01016   0.01737
   406/499     9.33G    0.0362  0.007005  0.004029   0.04724        19       640     0.437    0.7778    0.4721    0.2094   0.08236   0.01014   0.01729
   407/499     9.33G    0.0401  0.008014  0.005273   0.05339        34       640     0.437    0.7778    0.4721    0.2094   0.08236   0.01014   0.01729
   408/499     9.33G   0.03117  0.006626  0.003573   0.04137        24       640    0.4643    0.8611    0.5886      0.21   0.08225   0.01016   0.01725
   409/499     9.33G    0.0374  0.008749   0.00583   0.05198        25       640    0.4474    0.8303    0.6023     0.242   0.08155   0.01015   0.01723
   410/499     9.33G   0.03762   0.00662  0.003895   0.04814        20       640    0.4474    0.8303    0.6023     0.242   0.08155   0.01015   0.01723
   411/499     9.33G   0.03812  0.006943  0.006289   0.05136        29       640    0.4619    0.8166    0.6485    0.2506   0.08114    0.0101   0.01727
   412/499     9.33G   0.03156  0.007095  0.005811   0.04446        31       640    0.4795    0.8056    0.6259    0.2791   0.07987   0.01008   0.01743
   413/499     9.33G   0.03321  0.006691   0.00469   0.04459        20       640    0.4795    0.8056    0.6259    0.2791   0.07987   0.01008   0.01743
   414/499     9.33G   0.04083  0.007037   0.00649   0.05436        37       640    0.4945    0.8048    0.6244    0.2851   0.07926   0.01004   0.01742
   415/499     9.33G   0.03458  0.005556  0.003034   0.04317        21       640    0.4945    0.8048    0.6244    0.2851   0.07926   0.01004   0.01742
   416/499     9.33G   0.03754  0.007618  0.005766   0.05092        39       640    0.5055    0.8056    0.6359    0.2952   0.07871   0.01002   0.01753
   417/499     9.33G   0.03877  0.006882  0.006088   0.05174        27       640    0.5016    0.8261    0.6464    0.2768   0.07841   0.01006   0.01761
   418/499     9.33G   0.04034  0.006202  0.006641   0.05318        20       640    0.5016    0.8261    0.6464    0.2768   0.07841   0.01006   0.01761
   419/499     9.33G   0.04106  0.007819  0.005065   0.05394        44       640    0.4999    0.8241    0.6221    0.2908   0.07814   0.01013   0.01775
   420/499     9.33G   0.03821  0.006503  0.005534   0.05024        25       640    0.4754     0.804    0.6166    0.2786   0.07768   0.01017   0.01783
   421/499     9.33G   0.03992  0.007866  0.005517    0.0533        49       640    0.4754     0.804    0.6166    0.2786   0.07768   0.01017   0.01783
   422/499     9.33G    0.0375  0.006624  0.004872     0.049        41       640    0.4816    0.8056     0.618    0.2757   0.07734   0.01025   0.01787
   423/499     9.33G    0.0377  0.005065  0.007619   0.05038        22       640    0.4816    0.8056     0.618    0.2757   0.07734   0.01025   0.01787
   424/499     9.33G   0.03385   0.00645  0.005934   0.04623        17       640    0.4816    0.8056    0.6176     0.288   0.07714   0.01028    0.0179
   425/499     9.33G   0.03864  0.007638  0.006793   0.05307        11       640     0.462    0.8056    0.5507     0.242   0.07694   0.01044   0.01813
   426/499     9.33G    0.0345  0.006404  0.005555   0.04646        23       640     0.462    0.8056    0.5507     0.242   0.07694   0.01044   0.01813
   427/499     9.33G   0.03336  0.007013  0.005274   0.04565        20       640    0.4419    0.7937    0.5428    0.2389   0.07686   0.01058   0.01818
   428/499     9.33G   0.03771   0.00733  0.005332   0.05037        18       640    0.4545    0.8037    0.5692    0.2289   0.07622   0.01057   0.01841
   429/499     9.33G   0.03104  0.005336  0.004701   0.04108        16       640    0.4545    0.8037    0.5692    0.2289   0.07622   0.01057   0.01841
   430/499     9.33G   0.03301  0.004894  0.005076   0.04298        18       640    0.5411    0.7222    0.5693    0.2734   0.07564   0.01051   0.01882
   431/499     9.33G    0.0327  0.005933  0.004397   0.04303         9       640    0.5411    0.7222    0.5693    0.2734   0.07564   0.01051   0.01882
   432/499     9.33G   0.03674  0.007441  0.004495   0.04868        33       640    0.5246    0.7205    0.5734    0.2739   0.07528   0.01059   0.01911
   433/499     9.33G   0.04193  0.006602  0.005458   0.05399        27       640    0.5259    0.7187    0.5681     0.256   0.07506   0.01065   0.01921
   434/499     9.33G   0.04016  0.007182  0.004373   0.05171        12       640    0.5259    0.7187    0.5681     0.256   0.07506   0.01065   0.01921
   435/499     9.33G   0.03311  0.006666  0.004817   0.04459        35       640    0.5505    0.7191    0.5678    0.2569   0.07499   0.01067   0.01916
   436/499     9.33G   0.03808  0.007024  0.005152   0.05026        26       640    0.5495    0.7208    0.5669    0.2644   0.07472   0.01067   0.01921
   437/499     9.33G   0.03195  0.007045  0.003416   0.04241        44       640    0.5495    0.7208    0.5669    0.2644   0.07472   0.01067   0.01921
   438/499     9.33G   0.03129  0.006537  0.005543   0.04336        13       640    0.5607    0.7208     0.586    0.2587   0.07472    0.0107   0.01911
   439/499     9.33G   0.03429  0.006272   0.00442   0.04498        26       640    0.5607    0.7208     0.586    0.2587   0.07472    0.0107   0.01911
   440/499     9.33G   0.03275  0.007168   0.00605   0.04597        29       640    0.5679    0.7222    0.5813    0.2609   0.07456   0.01074   0.01886
   441/499     9.33G   0.03605  0.005747  0.005977   0.04777        21       640    0.6593    0.7726    0.6471    0.2714   0.07469    0.0108   0.01875
   442/499     9.33G   0.03238  0.006809  0.003574   0.04276        20       640    0.6593    0.7726    0.6471    0.2714   0.07469    0.0108   0.01875
   443/499     9.33G   0.03537  0.007839  0.004222   0.04743        20       640    0.6269    0.7222    0.6405    0.2654   0.07437   0.01085   0.01872
   444/499     9.33G   0.03275   0.00706  0.004931   0.04475        19       640    0.6601    0.7703    0.6486    0.2622   0.07348   0.01095   0.01888
   445/499     9.33G   0.03863  0.007907  0.005263    0.0518        26       640    0.6601    0.7703    0.6486    0.2622   0.07348   0.01095   0.01888
   446/499     9.33G   0.03487  0.008113  0.008036   0.05101        35       640    0.6286    0.7222    0.6376    0.2586   0.07312   0.01104   0.01914
   447/499     9.33G   0.03375  0.006263  0.004958   0.04497        20       640    0.6286    0.7222    0.6376    0.2586   0.07312   0.01104   0.01914
   448/499     9.33G   0.03571  0.007352  0.006884   0.04995        38       640    0.7924    0.7222     0.807    0.3028    0.0729   0.01107   0.01902
   449/499     9.33G   0.03427  0.005591  0.004494   0.04436        22       640    0.7804    0.7222    0.7989    0.2759   0.07312   0.01105   0.01914
   450/499     9.33G   0.03578  0.006071  0.004172   0.04603        28       640    0.7804    0.7222    0.7989    0.2759   0.07312   0.01105   0.01914
   451/499     9.33G    0.0341  0.007215  0.004549   0.04586        20       640    0.7823    0.7222    0.7785    0.2734   0.07317   0.01104   0.01923
   452/499     9.33G   0.03296  0.006321  0.005296   0.04458        20       640    0.7695    0.7222    0.7726    0.3118   0.07266   0.01103   0.01978
   453/499     9.33G   0.03668  0.007311  0.006457   0.05045        30       640    0.7695    0.7222    0.7726    0.3118   0.07266   0.01103   0.01978
   454/499     9.33G   0.02937   0.00588  0.005002   0.04025        27       640    0.7871    0.7222    0.7814    0.3034   0.07276     0.011   0.01937
   455/499     9.33G   0.03124  0.005599  0.003532   0.04037        32       640    0.7871    0.7222    0.7814    0.3034   0.07276     0.011   0.01937
   456/499     9.33G   0.03417  0.006559  0.004382   0.04512        32       640    0.7811    0.7222    0.7816    0.3373   0.07281   0.01099   0.01956
   457/499     9.33G   0.03544  0.005771  0.004557   0.04577        17       640      0.78    0.7222    0.7902    0.3442   0.07257   0.01099   0.01933
   458/499     9.33G   0.03663  0.007091  0.003651   0.04737        33       640      0.78    0.7222    0.7902    0.3442   0.07257   0.01099   0.01933
   459/499     9.33G   0.03702  0.005862  0.005809   0.04869        19       640    0.7751    0.7222    0.7919    0.3275   0.07237   0.01104   0.01907
   460/499     9.33G   0.03326  0.007123   0.00444   0.04482        28       640    0.7784    0.7222    0.7977     0.347   0.07196   0.01114   0.01874
   461/499     9.33G   0.03085  0.006764  0.004898   0.04252        16       640    0.7784    0.7222    0.7977     0.347   0.07196   0.01114   0.01874
   462/499     9.33G   0.02484  0.006878  0.003542   0.03526        16       640    0.7756    0.7222    0.7977    0.3211   0.07198   0.01115   0.01895
   463/499     9.33G   0.03196  0.006826  0.004171   0.04296        31       640    0.7756    0.7222    0.7977    0.3211   0.07198   0.01115   0.01895
   464/499     9.33G   0.03414  0.007175  0.005558   0.04688        23       640    0.7723    0.7222    0.7995    0.3214   0.07202   0.01117     0.019
   465/499     9.33G   0.03736   0.00761  0.006035   0.05101        30       640    0.7768    0.7222    0.7935    0.3107    0.0725   0.01116   0.01896
   466/499     9.33G   0.03401  0.006515  0.005534   0.04606        32       640    0.7768    0.7222    0.7935    0.3107    0.0725   0.01116   0.01896
   467/499     9.33G   0.03092  0.006605  0.004234   0.04176        25       640    0.7838    0.7222    0.7904    0.3114   0.07276   0.01112   0.01887
   468/499     9.33G   0.03685  0.007104  0.004118   0.04807        24       640    0.7926    0.7222    0.7915    0.2996    0.0736   0.01107   0.01893
   469/499     9.33G   0.03522   0.00676  0.006144   0.04812        25       640    0.7926    0.7222    0.7915    0.2996    0.0736   0.01107   0.01893
   470/499     9.33G   0.03165  0.006701  0.003903   0.04225        17       640    0.7724    0.7222    0.7863    0.2942   0.07377   0.01112   0.01927
   471/499     9.33G    0.0339  0.006186  0.004228   0.04432        30       640    0.7724    0.7222    0.7863    0.2942   0.07377   0.01112   0.01927
   472/499     9.33G   0.03335  0.007145   0.00396   0.04445        25       640    0.7933    0.7222      0.79    0.2911   0.07368   0.01114   0.01941
   473/499     9.33G   0.02461   0.00599  0.004658   0.03526        18       640    0.8012    0.7222    0.7837    0.2919   0.07328   0.01111   0.01996
   474/499     9.33G    0.0338  0.006735  0.007892   0.04843        35       640    0.8012    0.7222    0.7837    0.2919   0.07328   0.01111   0.01996
   475/499     9.33G   0.03249  0.007344  0.003439   0.04328        37       640    0.7974    0.7222    0.7963    0.2944   0.07303    0.0111   0.02008
   476/499     9.33G   0.03252   0.00614  0.003575   0.04223        26       640    0.8172    0.7222    0.7946    0.2908   0.07294   0.01102   0.01951
   477/499     9.33G    0.0382  0.006411  0.005748   0.05036        31       640    0.8172    0.7222    0.7946    0.2908   0.07294   0.01102   0.01951
   478/499     9.33G   0.03213  0.006402  0.003887   0.04242        32       640    0.8183    0.7222    0.8049     0.286    0.0727   0.01108   0.01917
   479/499     9.33G   0.03624   0.00543  0.004549   0.04622        19       640    0.8183    0.7222    0.8049     0.286    0.0727   0.01108   0.01917
   480/499     9.33G   0.03556  0.006198  0.003915   0.04567        23       640     0.812    0.7222    0.8305    0.2995   0.07232   0.01105   0.01899
   481/499     9.33G   0.03372  0.006158  0.004245   0.04413        24       640    0.8118    0.7222    0.8228    0.3386   0.07175     0.011   0.01885
   482/499     9.33G   0.03204  0.005803  0.005533   0.04338        33       640    0.8118    0.7222    0.8228    0.3386   0.07175     0.011   0.01885
   483/499     9.33G   0.02988  0.006876  0.003291   0.04004        24       640    0.8736    0.8056    0.8521    0.3342   0.07139   0.01096   0.01876
   484/499     9.33G   0.03125  0.007326  0.003811   0.04239        25       640    0.8741    0.8056    0.8518    0.3403   0.07106   0.01095   0.01867
   485/499     9.33G   0.03048  0.006111  0.002621   0.03922        19       640    0.8741    0.8056    0.8518    0.3403   0.07106   0.01095   0.01867
   486/499     9.33G   0.04064  0.008302  0.005752   0.05469        24       640    0.8678    0.8056    0.8534    0.3546   0.07096   0.01087   0.01882
